8.548047929018451341e-02
-4.332815532753185594e-02
1.898459477814816165e-01
-3.252057693162076213e-02
-3.614307425736954654e-02
8.401723887763191956e-02
1.078814884053005130e-01
-1.625292194011546121e-01
-1.625643913769160842e-01
1.039097755207950974e-02
-3.262575432072731263e-01
5.852755642759705640e-02
-1.988249787150022097e-01
-2.204200649944866586e-01
3.194682519680505650e-02
-1.593238582745924725e-01
1.364447380817954691e-01
1.587811867834400259e-02
-1.148914552239503062e-01
2.453251947939584232e-01
3.802528482050637759e-02
-3.845405875231344694e-01
-3.106441539215248557e-02
-2.736000176673520148e-02
2.467162831152835273e-02
4.089578444835607896e-02
2.945129259889432347e-02
1.335524812069433520e-01
-2.311568096488179902e-01
-1.202640273855758168e-01
9.797074842988384713e-02
1.224001439868542818e-01
5.488980547172211955e-02
2.563110292198279572e-01
-8.108734252165644696e-02
-6.087155039585980670e-02
9.833446979860376025e-02
1.605918271500134109e-01
3.597151704996481847e-01
1.876838643564564535e-01
1.531984623089793773e-02
-3.761311475520664471e-01
-2.488785343206578182e-01
3.041440155474672835e-02
-3.821366718286923203e-01
-1.972574654681737150e-03
1.881134665930206396e-03
6.293105703081927627e-02
-1.720482236543383892e-01
-1.237381721342119822e-01
1.643931422197170700e-01
-1.340231045868792159e-01
4.418805761083943739e-02
1.640300713577252933e-02
-5.459713376596316003e-02
3.567377765825871516e-03
4.529268509586568958e-02
-2.470279716645996104e-01
1.920051209978440865e-01
3.814377291788886848e-02
-8.080100894809975898e-02
-2.176775838108592764e-01
6.109190427166261150e-02
-1.743648858924414791e-01
7.923821779471110771e-01
-1.464895782706430727e-01
-2.679870348232629151e-01
-5.684096508385733104e-01
1.629305873637404978e-01
6.299744894740222367e-02
2.936987940789824100e-02
1.814187933980899725e-01
-4.519144837340827864e-02
4.159640565837487980e-01
6.015555036246985482e-02
-6.714407425585118550e-02
-1.504613842133447482e-02
3.747810930564893228e-03
-3.246702466574625384e-02
-3.121947439416481451e-01
1.904657808570615063e-01
9.222679006986495009e-02
-1.592927619467027212e-01
-6.847175944530474456e-02
-2.494572263092605102e-02
3.115701808792275540e-01
3.772674070459032525e-02
-7.657781284665135524e-02
-7.993244207448903238e-02
1.803310283973431627e-01
1.566627076830537646e-01
1.280833547531325112e-01
-6.505692047373626274e-03
-4.774241719420385666e-02
1.990258751697366116e-02
3.636089976956492081e-02
-1.000561056769473822e+00
-1.850647604383625122e+01
-7.981322241096699965e-01
4.286565661823604767e-01
-7.849564645146245301e-02
-2.285485200109286727e-02
1.143410129298430000e-01
1.831692721173217109e+01
-4.328309160004693151e-02
-1.246382734506786272e-01
-7.530733666713033958e-02
-6.004220638964748169e-02
7.744112371005118511e-02
8.841899875393410824e-03
-1.391693197773210822e-01
-5.789652142890344688e-03
-2.110810894762586709e-02
2.346596540588608004e-02
-3.506478436950631605e-02
-2.066065903015849164e-02
6.644364052228568518e-02
3.754302513355174398e-01
-1.067149403799174529e-01
2.381302250584688140e-02
3.010284186910904686e-02
-2.262000164026389815e-01
1.621113714372090397e+00
