1.790868059882441132e-01
-4.815152597103991572e-02
1.860920465737853635e-01
-1.012561728421930707e-01
-4.621400353284014356e-02
8.873260623883835740e-02
1.292516707611817139e-01
-2.339789785473925521e-01
-1.828488530549287061e-01
2.510341499238159801e-02
-3.517115314253596026e-01
5.552530499138948195e-02
-3.487153993109595729e-02
-1.451047122702683601e-01
6.831370186740121087e-02
-2.210303747931672835e-01
1.473733759443383029e-01
-6.989015592915790581e-03
-1.128224315867015354e-01
2.020264143294008830e-01
1.599063459497035988e-01
-4.444398642612528150e-01
-4.370167423153013819e-02
-2.798049284540514436e-02
1.658619969433391961e-02
3.028959452828976218e-02
5.709788035220045299e-02
-3.538172877177869768e-02
-1.901555046015563910e-01
-1.926112277695106456e-01
1.449839672278352143e-01
1.165348230327739321e-01
-6.545208983475270248e-03
1.502915666344153411e-01
-4.536972001383118847e-02
-1.418213484473898611e-02
3.438287184872693136e-02
4.936282725649465686e-02
6.722550640121260912e-01
2.703918091565088444e-01
4.662900245733149207e-01
-1.093722658470959175e+00
-7.446858190938010491e-02
-6.300257211104218213e-02
-2.589213856438883354e-01
-7.982146593050548633e-02
-3.450803232074765858e-02
5.482548801302290081e-02
-1.600615125323691379e-01
8.888580573414076036e-02
1.213684367795617863e-02
-1.479400149502480000e-01
3.181347136262496766e-02
1.238351701283718631e-02
-5.637921316416810713e-02
4.338073546388153401e-02
-1.127538615041975140e-01
4.120365528537092703e-02
2.653927557204943666e-01
-2.232273683522796870e-01
4.351414656718843865e-02
-9.851117690987051811e-02
5.217077807785541754e-02
-2.493215734383757431e-01
7.904328269111469130e-01
-3.134225450889313036e-01
-1.520722640827099625e-01
-8.308994658408064282e-02
1.390890548066898713e-01
9.407750969557820975e-02
1.357435754439579277e-02
1.601737539304487479e-01
-4.953887792814080926e-02
-9.026031560668679177e-02
4.120389390477877112e-02
-8.682124230459765946e-02
-2.101699453570030074e-02
3.956626188060702320e-02
-3.340910320663248445e-02
-3.398325944166192825e-01
2.743821917186489712e-01
-1.805274964174996555e-02
-2.379861478725326940e-01
8.791955234414561282e-04
-3.022490381189305020e-03
2.824992985041464011e-01
2.575383852100861931e-02
-4.001188663371715165e-02
-9.173204826813198542e-02
5.625952277519973010e-02
1.790974202142879557e-01
2.171931762408554345e-01
2.259906651728912225e-02
1.315977232343548686e-02
1.845629855099244904e-02
4.602002954640083132e-03
-7.125930253117840341e-01
-2.292611204722579288e+01
-5.133645643930866420e-01
6.302678449192320453e-01
-2.313508578806791061e-01
-1.173079843636448683e-02
1.741473823719554836e-01
2.256348226487931186e+01
-4.098209278017586610e-02
-3.428286977234365485e-02
-1.604076152324884763e-03
6.148334481598755064e-02
7.247669182336451132e-02
-1.609721075820221003e-02
-3.839954958524643969e-01
-3.489200725834248895e-02
-4.105703465481409797e-02
9.273029144132768908e-02
6.024826566680095696e-03
-4.838042062136688887e-02
1.250109586330047651e-01
6.649961506524506571e-01
-8.075463211520646223e-02
3.414279183265360451e-02
4.568969054704818261e-02
-2.277930642343223844e-01
1.187487453337864984e+00
