1.411389464393772997e-01
-1.024648042842163376e-03
2.334885474922311355e-01
-2.010066742407853879e-02
-2.538697043827427280e-02
6.753623066838063127e-03
1.553296648419954795e-01
-3.337874167282759430e-01
-1.252550850162734153e-01
4.960576361747064122e-02
-3.231896172094679276e-01
4.818197867616784424e-02
-2.202382543804072279e-01
-1.838595515025842064e-01
4.198034840285694291e-02
-2.017555821743243216e-01
1.048741905871161395e-01
3.854198230324583363e-02
-1.108775566174403787e-01
3.710414983317661397e-01
-1.263612464103283650e-02
-2.184792620129911433e-01
-3.222840348340169636e-02
-4.864107152224508845e-02
3.551934666971367366e-02
3.992401254697698632e-02
1.648342380983425920e-02
1.073283916118726450e-01
-1.886081715580188445e-01
-6.156207329627663705e-02
2.095570258367293603e-02
6.618537976876628925e-02
6.141336276776390712e-03
3.152900950827237092e-01
-6.357755739288398211e-02
6.502343211563094139e-04
7.486031151902447500e-02
7.196526560381223681e-02
4.470780997498720599e-01
2.564339543197383664e-01
9.012973628097653567e-02
-5.027528693567487883e-01
-1.544335609133838383e-01
5.508788035066547462e-03
-2.635539546378070641e-01
-2.148594030211298245e-02
8.052363098612871223e-03
5.943048895782110375e-02
-2.139582089508337837e-01
-1.236436749949397229e-01
1.019450146968627069e-01
-1.617975211125627921e-01
-1.884725570256505500e-03
3.277529485761887518e-02
6.389113271267649052e-03
-3.238865445230203893e-02
-7.615265657666459020e-02
-4.214838734274123366e-02
1.088652998599373423e-01
-2.637326602756007166e-04
-7.015640866223704641e-02
-2.273785777926999319e-01
1.499829190249469257e-01
-3.248874689756567902e-01
5.073703424371753812e-01
2.592391465766130665e-02
-2.545803785335103431e-01
-9.429857322586212565e-01
3.068525557625112477e-01
1.233991897671047888e-01
3.870298907394827126e-02
1.899334313620182624e-01
-2.715513559164427909e-02
8.208372320639532038e-01
6.839080133629285574e-02
-8.479864792582758604e-02
-2.567435202455872756e-02
3.492315208692484130e-02
-2.813244449346610776e-02
-3.815346874107644615e-01
4.199462055638523150e-01
-1.313909746647384802e-01
-1.703996564574494776e-01
-1.735748352544011219e-01
-4.829144695935243259e-02
4.200383733052666657e-01
6.910456078397797519e-02
-3.025060535090963801e-02
-8.085452225276779092e-02
1.008960099538431521e-01
1.819981179420172845e-01
1.470185980556432681e-01
1.698645417830372054e-02
-2.665011430102678935e-02
3.927706508187439605e-02
4.972120610807420280e-03
-1.627234387182269204e-01
1.813189248169690245e+03
2.239815645150573520e-01
5.377909945847377804e-01
-3.051790957604806342e-01
-1.548062091674085594e-01
2.712570208383588977e-01
-1.813321020731678573e+03
-5.185954010445161660e-02
-8.048410371887171344e-02
-1.735805925256264093e-01
-8.460650586479634416e-02
3.984342095512716231e-02
7.156382622218457334e-02
-1.009763702566159882e-01
-2.063760880634807338e-02
-3.272995087672053716e-02
4.545342815179839735e-02
1.723983080729258460e-02
-6.147494856714504075e-02
1.572881896292941117e-01
6.405872621332682204e-01
-2.774979629931548578e-02
4.134881307151976049e-02
-5.117484064617314199e-02
-2.146519212015962630e-01
3.314514117709015384e-01
