2.661432235697360760e-01
7.052352925575183784e-03
2.066252745075222441e-01
-1.032178734679323195e-02
-4.294158533638682031e-03
5.453144130701075010e-02
1.219107333784976988e-01
-2.115364021275761841e-01
-1.487889091068209935e-01
2.588841729364370625e-01
-7.429147424136295363e-02
3.064322530297103678e-02
-3.000790627328814297e-01
-2.252090179249212898e-01
5.085047281298796934e-02
-1.588532511418383197e-01
-1.548401969089776287e-01
2.036594629691142189e-02
-7.405295876549911060e-02
3.648580509695285023e-01
2.355642561381847411e-01
-4.408736706064417255e-01
-2.723793903696206109e-02
-3.881954971953788247e-02
1.577190622847726015e-02
5.346306649428154284e-02
3.289561444792017675e-02
1.594047996041035309e-01
-1.604128258648964966e-01
-8.861670355211895278e-02
6.951462413152098563e-02
-1.154629358197296202e-02
2.892294485903776358e-02
3.016428223717614876e-01
-5.239723550770616217e-02
-6.329653432977509070e-03
2.244425463510230090e-02
1.163346927708948375e-01
4.602920378717522132e-01
2.157377790983666666e-01
1.279989544374454669e-01
-5.265269132793648499e-01
-3.591149007992211484e-02
1.274020134055360298e-01
-3.562250275875673000e-01
-6.371049267059830656e-02
7.575061416387196545e-03
7.767840296604719419e-02
-1.957262677208965740e-01
-2.814890026317194982e-01
2.051346813325244378e-01
-3.388988771258575339e-01
4.988368396475068023e-03
5.865845912398979373e-02
-1.631908157694289541e-01
1.309566952023563657e-01
-6.187450593719184821e-02
-2.916164265156370172e-01
9.887576538267727200e-01
-6.879926095278736664e-01
5.163241161657061706e-03
-1.480934372316843606e-01
-2.597805431174280422e-01
1.057728962548619700e-01
5.153401405680687608e-01
-6.382268285310349620e-02
-2.672664900941355559e-01
-7.215219503844141347e-01
2.476076989989537402e-01
1.051237994480677673e-01
3.193388694745172979e-02
8.195254338913349201e-02
-6.256108114153223487e-02
6.359765544649941260e-01
5.063991181929847207e-02
-6.665225493627566222e-02
-6.261396029325750831e-03
-5.356161673209638985e-03
2.699108967569003453e-02
-1.551682133889116799e-01
3.762229360780733334e-02
6.538837770367242341e-02
-2.362368480878727917e-01
2.420609247510907558e-02
-5.486503888677733698e-02
3.252264946536742030e-01
4.621899054847952715e-02
-8.190018808819299334e-02
-6.863868053075412867e-02
7.567393283779616509e-02
2.090674992391897968e-01
1.735590000537354238e-01
1.978905239389532056e-03
-4.041080672925968786e-02
3.062611286308151992e-02
2.839480048385148447e-02
-1.190007135369565372e+00
-1.697398223310121779e+01
-7.665825664961625208e-01
4.606660385909697730e-01
-3.920354763236649220e-01
6.703677537669919251e-02
1.499241302027041756e-01
1.713075920008102671e+01
-9.045141524819585999e-02
-1.202139086816624292e-01
1.001745053782606698e-01
1.485429243790379050e-01
8.252136738719177689e-02
-1.687372137037185249e-01
-4.711549226273072377e-01
3.754202338992526644e-03
-3.723659802010287345e-02
-5.361098161137703433e-02
-6.425969725095096938e-03
-3.770531460189191497e-02
-2.800013959339414660e-02
1.172083538459890217e+00
-8.410027142392070831e-02
5.193827386262936385e-02
5.403532977369780027e-02
-5.421730058837730404e-01
1.247130142594574220e+00
