1.740189639911671193e-01
-1.573877800370268587e-02
1.387856694931486889e-01
-6.515088158966750309e-02
-1.561853749333391717e-02
6.992920370439842381e-02
4.691873520908568240e-02
-2.625756154091019590e-01
-6.217297213199285411e-02
-4.100169518208722497e-02
-2.367707378701777721e-01
4.078636266771337726e-02
-2.790477310791878995e-01
-1.556054686695078626e-01
3.546636902660411927e-02
-1.407872903665431663e-01
2.016629222406295663e-01
-8.054153440199898761e-03
-8.166948955888364559e-02
3.867693960064473302e-01
2.511563338650559807e-01
-4.757064131913834037e-01
-4.514442521401564046e-02
-3.439490467122809786e-02
6.818630808792663922e-03
4.420017209281035947e-02
2.565320651755775144e-02
4.301917576568548007e-02
-1.272246431519034326e-01
-1.098394582869068464e-01
6.818706386045655932e-02
-2.289551004939792411e-03
-5.016237664174977295e-02
2.292430976626035344e-01
-7.622608775117076241e-02
-2.897361141098184212e-02
7.905811172559777666e-02
1.654687320135735940e-01
2.506740644361566406e-01
2.081740912585408054e-01
8.980476454596544866e-02
-2.472487294471683028e-01
-6.446210719771730546e-02
6.291049840603196719e-02
-4.347844823755150911e-01
6.654458997602190340e-03
-4.455276119215655778e-03
6.227453874188268457e-02
-1.922357189907062114e-01
-7.272150163352182617e-02
1.080776844811099924e-01
-2.148978999481475916e-01
4.667364463687905668e-02
-3.842068165833371907e-03
-1.013443189194578042e-01
8.417221372536332069e-02
-8.087712473423339099e-02
-1.495404866796946064e-01
5.825107716626376497e-01
-2.930256972973107610e-01
-8.352761157907304113e-02
-2.410536937312197647e-01
-3.318308699324878930e-02
-1.042824684048472283e-01
5.859884441087240825e-01
-1.335277505785092966e-02
-2.774525541780730187e-01
-8.180748887181250595e-01
1.612657984951345047e-01
1.294820676220442834e-01
3.213107032376347899e-02
1.600562004846112218e-01
-4.790079333022388697e-02
7.069810178331873418e-01
4.172592790527272083e-02
-7.907490234349233427e-02
-2.960972096348621352e-02
3.694855606308500295e-03
-1.092037999941217197e-02
-3.363539458805489546e-01
2.538275458532586182e-01
-2.150338917459360122e-03
-2.971515176839151784e-01
-1.260424209182442468e-02
-1.177894709398438905e-01
4.579671189214774563e-01
3.060520017547421409e-02
-1.092573491730312180e-02
-9.279298337134603281e-02
1.502058750280325095e-01
1.192372216933760276e-01
1.157495884180921863e-01
1.471019771645208640e-02
-1.172976931292479819e-03
4.073194782148965853e-03
1.239222718360413755e-02
-1.516971645905443866e+00
-2.215502078641837613e+01
-1.310008199564258069e+00
4.950307043330877677e-01
-3.722760003829100883e-01
1.438326189505643726e-01
9.769258697047888962e-02
2.186221009473091925e+01
-1.312129779238115357e-01
-5.919482653268995365e-02
2.177849529986217725e-01
2.725291028169040120e-01
9.000227218018178044e-02
-3.235571165585305886e-01
-2.954955431562069634e-01
-3.837185415237626129e-02
-7.660282313318445002e-03
6.165636142441852097e-02
-2.494429721427605939e-02
-4.405740590730838208e-02
8.511663065094995928e-02
7.540794682362036427e-01
-1.389652593480237286e-01
4.246163424634737116e-02
4.735124447789299668e-02
-3.365648687550634177e-01
2.041108105292975150e+00
